116
P16000_Emericella_nidulans                0.0000000 0.5234878 0.4296116 0.4216303 0.4489059 1.7012544 0.5220120 1.1215999 1.0640809 1.0242233 0.9673009 1.0048714 1.7412858 0.8984562 1.0778031 0.9971098 0.6525234 0.9985985 0.9469429 0.5704734 0.5540317 0.5569964 0.5855901 0.6578364 0.5855901 0.6717235 0.5587210 0.5673563 0.6413996 0.6886428 0.7256380 0.6184040 0.6268548 0.5815911 1.2559878 1.0738387 1.1369633 1.0549808 1.2635040 0.8254549 0.9645081 0.9440223 0.9840763 0.7479024 0.7614832 0.8051871 0.8556813 5.5781168 4.1111936 4.1891952 3.2099876 3.1037739 3.9148330 3.2455803 3.4244486 2.7526640 4.0498851 1.3579791 2.1313783 2.3149427 2.4052230 1.5520693 1.8202609 2.8423061 1.9047108 1.5701063 4.9555747 3.7568973 4.2309417 4.0588061 4.2870554 5.2477470 5.5781168 5.3633689 4.6974470 5.4459679 3.0178252 3.2384683 4.1870968 3.3609539 3.8935842 3.2130215 4.2825222 2.7381725 3.3766624 3.3658750 3.4968063 4.8612445 2.7575206 3.4936851 3.2151657 3.1471475 3.2827471 4.1381537 4.2588500 3.4663368 3.4918106 3.6532195 3.3973228 2.9963673 3.0673375 3.7901594 3.4840218 3.6175237 3.9563348 3.5581366 3.9584331 4.0237037 3.6871345 2.9061289 3.0949816 4.3237761 3.0741617 2.7550154 4.2037159 4.2150417 
B6QLG4_Talaromyces_marneffei              0.5234878 0.0000000 0.5238435 0.5103469 0.5153173 1.6994791 0.7595131 1.3204147 1.3494221 1.0899683 1.1331135 1.0739037 1.7800282 0.9082295 1.0031064 1.1122571 0.9338538 1.1056262 0.8835331 0.8375640 0.6873041 0.7550543 0.7882184 0.8194160 0.7882184 0.8561134 0.7392563 0.8403385 0.8495243 0.8476574 0.8646910 0.8298510 0.7636720 0.8618385 1.1760181 0.9848140 1.1105600 1.0656986 1.2247670 0.8539355 1.1100407 0.9034301 0.9143981 0.7690322 0.8303967 0.7242260 1.0401999 5.6412300 4.1081673 3.9245248 3.3972304 3.5307054 4.5309749 3.0632571 3.5675856 2.9475256 3.6744542 1.2124488 1.8091919 2.5655917 2.2329146 1.4960145 1.8255378 2.8399921 1.7190616 1.4797036 4.7048104 4.3594600 3.9790094 4.1326662 4.0256510 5.5387150 5.6412300 5.1726254 4.6869836 5.3436706 3.2359789 3.5965032 4.5045589 3.3870103 3.8954164 3.3023426 4.3444457 3.2075147 3.5456309 4.2112436 4.3963626 4.8435668 3.1541985 3.6900421 3.1156749 3.2260003 3.5304983 4.2065595 4.2606729 3.4594799 3.6955659 3.6961252 3.3317677 3.0148637 2.8181423 3.5115379 3.7205968 3.8603171 3.9485182 3.6782043 5.6118823 3.9243583 4.6249479 3.0020289 2.6918588 3.7304170 3.5034309 2.8068586 4.3029715 3.6634709 
XP_011324668.1_Fusarium_graminearum       0.4296116 0.5238435 0.0000000 0.1612994 0.2055945 1.2478349 0.2477602 1.0487550 1.3234864 0.9601863 0.9318851 0.9665304 1.6466159 0.7858260 1.0357031 0.9663669 0.6352720 0.9359175 0.8925211 0.7113786 0.6550205 0.6959029 0.6262095 0.7508921 0.6262095 0.7943708 0.6830577 0.7490253 0.6880680 0.7948374 0.7731504 0.7303208 0.6725796 0.7693488 1.0207952 0.8533196 1.0732203 1.0310932 1.1554715 0.7197382 0.9479267 0.8534292 0.8905915 0.7357884 0.6440172 0.6365495 0.8836602 4.7869882 3.4012339 3.4983572 3.0309077 2.7607165 3.1036566 2.9844587 3.0468758 2.7961798 3.7784381 1.1791003 1.8796180 2.4272080 1.9385380 1.3526299 1.5831391 2.7539773 1.7362926 1.5320769 4.2610452 4.0564541 3.9451739 3.9035077 3.7030037 5.0721841 4.7869882 4.5775648 4.4968834 4.7422891 3.0305888 2.8419073 3.7665487 3.1940434 3.6104292 3.2370169 3.8447490 3.2332666 3.0099582 4.1662185 4.2066342 4.2265925 2.9290428 3.7191664 2.3632124 3.0838263 3.5540247 3.5524486 3.5267163 2.8969357 3.0802097 3.1960968 2.9879687 2.7644258 2.5762514 3.4035225 3.5139510 3.7253790 3.9573300 3.8597414 4.4477772 3.6198345 3.8560584 2.8675065 2.5142040 3.6181240 2.4557835 2.9653219 3.9880299 3.7708675 
P00842_Neurospora_crassa                  0.4216303 0.5103469 0.1612994 0.0000000 0.1360535 1.2928357 0.1934522 1.0759871 1.3538180 0.8945847 0.8648535 0.9145803 1.5455985 0.8838256 1.0221937 0.9151471 0.6297214 0.8850305 1.0000145 0.7207787 0.6660808 0.7051550 0.6371740 0.7606574 0.6371740 0.8039701 0.6922150 0.7633426 0.6971735 0.8048346 0.7719848 0.7400002 0.6813743 0.7792053 1.0367333 0.8680203 1.0894574 1.0471008 1.1728929 0.7286717 0.9591474 0.8640212 0.9015637 0.7454255 0.6658799 0.6450189 0.8943930 4.8676952 3.4366623 3.5272038 3.0565369 3.1267876 3.5351494 2.7752328 2.8688284 2.6990457 3.7846019 1.1966357 1.8775237 2.4494286 1.9564977 1.3679854 1.5992600 2.7784621 1.7156511 1.5518513 4.2962800 4.0907447 3.9779812 3.9360774 3.7339993 5.1204309 4.8676952 4.6153319 4.5378941 4.7875354 3.0552598 2.8713175 3.4942070 3.1060145 3.5003812 3.1078954 3.6266176 3.2800137 3.0393447 4.0520867 4.1511909 4.2347617 2.7357719 3.7503103 2.3908276 3.1166634 3.5888721 3.5799660 3.5557062 2.9216297 3.1064801 3.2225886 3.0210776 2.7971181 2.6049284 3.4422844 3.5422480 3.3396650 3.6733852 3.2490604 4.6843449 3.6255659 3.8244546 2.9684576 2.6083809 3.6471387 2.7747428 2.7360556 3.9589509 3.8015325 
Q03672_Podospora_anserina                 0.4489059 0.5153173 0.2055945 0.1360535 0.0000000 1.4245695 0.2069489 1.0516565 1.2281560 0.9776148 0.9639503 0.9910639 1.5757233 0.9132341 1.0618343 0.9686701 0.6015955 0.9593852 0.9029779 0.7140321 0.6494724 0.6986328 0.6208727 0.7533472 0.6208727 0.7964837 0.6858591 0.7353532 0.6908151 0.7970335 0.7820571 0.7329067 0.6753514 0.7716924 1.0062373 0.8396735 1.0584015 1.0164819 1.1395452 0.7222015 0.9493349 0.8553445 0.8923259 0.7383217 0.6467232 0.6394970 0.8854017 4.7822246 3.3641289 3.4865630 3.0215588 3.1448763 3.7361142 2.3598886 2.7364872 2.7042562 3.7735068 1.1630400 1.8956933 2.4207710 1.9348790 1.3518991 1.5812326 2.7458087 1.6795302 1.5134916 4.2446752 4.0409897 3.9306327 3.8891689 3.6898210 5.0168476 4.7822246 4.5592995 4.4510531 4.6911119 3.0215860 2.8120833 3.6363429 3.0239835 3.7014725 3.1988639 3.3843192 2.9319859 2.9267821 3.4600644 3.7300782 4.2197205 2.6827021 3.7058792 2.3359071 3.0500999 3.5171514 3.5410687 3.5147948 2.8882846 3.0704922 3.1859908 2.9541570 2.7314486 2.5475910 3.3629469 3.5023426 3.3417834 3.3071316 3.3714238 4.8211655 3.2938192 3.6120240 2.7394381 2.5445760 3.6059733 2.9183124 2.5736080 3.7245337 3.7576647 
B2APB0_Podospora_anserina                 1.7012544 1.6994791 1.2478349 1.2928357 1.4245695 0.0000000 1.5662420 0.6466928 0.7088068 1.1384054 1.0509316 1.0340692 0.4741851 1.0845513 1.3279772 1.0914135 1.5436854 1.0546780 1.1442865 0.4311722 0.4834111 0.4564404 0.4388193 0.4718889 0.4388193 0.5508328 0.4748868 0.5170650 0.4590579 0.5613832 0.4928511 0.4845571 0.4814981 0.5522756 0.6953909 0.6066272 0.7378446 0.6965314 0.6864099 0.4618016 0.6115964 0.5341012 0.5620209 0.3983429 0.4911267 0.3759288 0.5529272 4.6823113 3.1093865 2.8382539 2.3436487 2.7582979 3.0131016 2.7706151 2.5385493 2.2980231 3.5134005 0.7553069 1.5317989 1.8626766 1.5557946 0.8908395 1.2213097 2.0487361 1.3515744 1.0063500 4.0879537 3.5217352 3.9984403 3.9417281 3.6718399 4.9542258 4.6823113 4.8833637 4.6272004 4.7278808 2.0624094 2.3940390 3.5029547 2.4947363 2.4388380 2.1769052 3.2828592 2.6117007 2.7024045 3.1414157 3.2227760 3.7773091 2.2670302 3.6050616 2.3359353 3.1461060 2.7837609 2.8134416 2.7944677 2.1833563 2.2266409 2.7631408 3.1022189 2.8970723 2.8523308 3.1472974 2.7377427 2.8941351 3.4187543 3.5081705 5.3954964 3.9519544 4.2183947 2.6211901 2.5947548 3.2071433 2.5379372 2.3479631 2.9893016 2.5979432 
Q2GQX4_Chaetomium_globosum                0.5220120 0.7595131 0.2477602 0.1934522 0.2069489 1.5662420 0.0000000 1.2746654 1.3567856 1.1760126 1.1260647 1.1910196 1.7756325 1.0459415 1.2438401 1.1782529 0.7782884 1.1516320 1.2186075 0.7578785 0.6877066 0.7386408 0.6521565 0.7706218 0.6521565 0.8572362 0.7228347 0.8044307 0.7345311 0.8258104 0.7995603 0.7465757 0.7178032 0.7944925 1.1309670 0.9597253 1.1055037 1.0925202 1.2591054 0.7526482 1.0288134 0.9932631 1.0440191 0.8169841 0.6694446 0.6627723 0.9925252 6.1941380 3.5203517 4.8024623 4.2413546 4.5225698 4.5791407 3.5276534 3.8275070 3.1796071 5.8294871 1.4007920 2.3880012 3.3936904 2.0489426 1.7913021 2.0942384 4.0519221 2.0374715 1.8312038 6.0948278 4.9833577 5.5619785 5.4872686 5.4127562 7.3376696 6.1941380 5.8417158 5.1920513 6.6804065 3.7707027 3.8175908 5.0150592 4.2202421 4.8883565 3.8808908 5.1266911 4.3188847 3.7750297 4.9759952 5.4108336 5.7783958 3.5785804 5.4853320 3.4098418 3.9198098 4.2564129 4.4602432 4.8558666 3.9174322 4.2706925 4.2559923 3.5135464 3.4415492 3.0252379 3.4355481 4.5518257 3.8855644 4.6538669 4.5841923 6.1538563 4.9133377 4.8854505 3.8387108 3.3861781 4.7734674 3.9920034 3.5416279 5.7148336 5.1249698 
Q2HBT4_Chaetomium_globosum                1.1215999 1.3204147 1.0487550 1.0759871 1.0516565 0.6466928 1.2746654 0.0000000 0.6955486 0.8273657 0.7882096 0.8654891 0.6226177 0.7580755 0.9141229 0.8257759 1.1659476 0.8260314 0.8748821 0.6435817 0.7881337 0.7137053 0.7407659 0.7944563 0.7407659 0.7137053 0.8253655 0.7262567 0.8273352 0.7351107 0.9642368 0.8274361 0.8865843 0.9229869 1.4275806 1.2934529 1.3013045 1.2936794 1.3286025 1.0116883 1.1726714 0.8225006 0.8884410 0.7710185 0.7734487 0.9682489 0.9092359 6.8957491 3.8926912 2.6580201 2.7662727 4.3779692 4.5255303 3.2014789 3.1444020 2.1620664 3.5601842 1.2949350 1.8447725 2.5135540 2.3857353 1.7248596 1.9513811 2.4953472 1.4752334 1.5043549 7.5186022 5.7134127 7.8974624 7.8430737 6.9210427 5.8970765 6.8957491 6.3068080 6.0647047 5.7489859 3.3202343 2.7343808 3.0727102 3.1409410 3.4755692 2.7498335 3.6439484 3.1510646 3.8551696 3.1802198 3.1638327 5.2520406 2.2981517 4.6155561 3.5263071 3.8354115 3.4266255 3.8758098 2.7888198 2.8046981 2.8415154 3.0341292 3.3908767 3.3607229 3.2189774 4.1400463 3.9629734 3.5560964 3.6359684 2.9983956 5.8853622 5.2880376 4.8380402 3.3226517 3.3432229 4.0874738 3.8726988 2.1767192 3.5701272 3.2629322 
B2W3H8_Pyrenophora_tritici-repentis       1.0640809 1.3494221 1.3234864 1.3538180 1.2281560 0.7088068 1.3567856 0.6955486 0.0000000 1.0189158 0.9470376 0.9807703 0.7372397 0.9446388 0.9508836 1.0221887 1.2401590 0.9548299 1.0584372 0.2914275 0.2221719 0.2431093 0.2500137 0.3142956 0.2500137 0.3436452 0.2334136 0.3185973 0.3591550 0.3755929 0.4115255 0.2638347 0.3207408 0.3537703 0.7582166 0.6922140 0.5941134 0.5789844 0.8046511 0.5531125 0.6253756 0.5926979 0.5949424 0.3821693 0.4378897 0.3408951 0.4864494 5.0493756 2.8434979 2.8564962 2.3789810 2.8816292 3.4298776 2.4647739 2.6535589 2.1447857 3.6551856 0.8643286 1.8153928 2.0984254 1.9010505 1.1422288 1.4272118 2.4628623 1.6119515 1.1852140 4.8699782 3.6594807 4.6772168 4.5803445 4.5980976 5.4595751 5.0493756 5.3397157 4.8505826 5.7583333 2.1870305 2.9533773 3.2701334 2.9979070 3.2078780 2.1599521 3.2284819 2.8338126 3.1987323 3.0636455 2.9701826 4.3043536 2.2700317 3.6164989 2.7610067 3.4705684 2.5299821 3.4125840 2.8064859 2.4137456 2.3374026 2.7151996 2.7838588 3.0594814 2.7688232 2.6246267 2.9992232 3.0746761 3.5494045 3.0836333 5.3670696 3.5842854 4.1247283 2.2612308 2.4380174 3.4838966 2.6327160 2.1518015 3.4643001 3.0766222 
alectoria_sarmentosa                      1.0242233 1.0899683 0.9601863 0.8945847 0.9776148 1.1384054 1.1760126 0.8273657 1.0189158 0.0000000 0.0483936 0.0415524 0.9413850 0.4105367 0.6788973 0.0553723 0.8084866 0.0343556 0.4510022 0.4433480 0.3633200 0.3831838 0.4376863 0.4061048 0.4376863 0.4695325 0.3554734 0.4452527 0.4355468 0.5297894 0.6522719 0.4389617 0.5008900 0.5154000 0.7756154 0.7086173 0.7534316 0.7542519 0.9662326 0.5710177 0.7341776 0.6650492 0.6984177 0.5595077 0.5840540 0.6427927 0.7922908 5.3796944 3.4711926 3.2009224 2.2691278 3.1595811 3.6125518 2.7912364 2.3381140 2.3632433 3.4715234 0.9520391 1.8726855 1.8783820 1.9798468 1.1359515 1.6789419 2.2530812 1.4784417 1.1947809 4.5558759 3.9249982 4.1234219 4.0391464 3.9639500 4.3308921 5.3796944 4.2539431 4.5445689 4.5218757 2.5363782 2.8511288 3.8791422 3.3280442 3.5794477 3.0158007 3.4983939 3.0880351 3.4778848 4.1462599 4.2373386 3.7369582 2.2876392 2.7950173 2.9709407 2.7476627 3.1233187 3.2615536 3.1976046 2.5950405 2.5880996 2.9738701 2.8059685 2.9378822 2.7842789 3.4987461 3.3560561 3.6884316 3.2835700 3.3836733 4.2742198 4.2670049 4.4132870 2.1085370 2.3886444 4.1109145 2.7765846 2.4299905 4.4863744 3.3967720 
evernia                                   0.9673009 1.1331135 0.9318851 0.8648535 0.9639503 1.0509316 1.1260647 0.7882096 0.9470376 0.0483936 0.0000000 0.0345268 0.8121461 0.3429382 0.6416053 0.0342275 0.8290386 0.0205038 0.4035542 0.4376941 0.3588794 0.3784867 0.4321378 0.4010338 0.4321378 0.4638007 0.3511769 0.4175512 0.4300341 0.5226114 0.6464729 0.4333493 0.4708705 0.4627428 0.7685214 0.7025573 0.7466910 0.7475133 0.9565251 0.5669030 0.6739351 0.6602844 0.6935437 0.5021056 0.5796514 0.6335914 0.7197893 5.0818747 3.2946800 3.1113588 2.1725816 2.8659680 3.3157995 2.7961878 2.2268603 2.2381454 3.3434072 0.8955333 1.7550604 1.7567353 1.9885344 1.0447768 1.5710765 2.1456199 1.4498696 1.1327748 4.3190935 3.6451690 3.9135038 3.8337902 3.7689043 4.0249905 5.0818747 4.0339761 4.3088750 4.2830932 2.4464577 2.6097294 3.9067381 3.3978854 3.5462907 2.9637104 3.3679590 2.9345136 3.4791171 3.9206351 4.0088514 3.7982562 2.1936362 2.5523586 2.8489463 2.6187475 2.8764966 3.2099829 3.0549064 2.4979487 2.4920334 2.8444606 2.6640276 2.7895602 2.6449704 3.3078488 3.1997272 3.5324488 3.1761423 3.2084753 3.9454431 4.3520094 4.0127895 2.0107190 2.3415947 3.9846288 2.5281072 2.3014036 4.2195247 3.2321534 
fallacina                                 1.0048714 1.0739037 0.9665304 0.9145803 0.9910639 1.0340692 1.1910196 0.8654891 0.9807703 0.0415524 0.0345268 0.0000000 0.8735625 0.3504983 0.6363062 0.0414479 0.8304121 0.0205905 0.4046921 0.4426607 0.3629520 0.3827481 0.4370264 0.4055777 0.4370264 0.4687681 0.3551342 0.4445713 0.4348967 0.5286488 0.6541339 0.4382908 0.4999171 0.5176174 0.7192680 0.6564358 0.6985361 0.6994686 0.9004479 0.5247604 0.7317391 0.7259404 0.7608759 0.5296438 0.5859268 0.6409597 0.7893944 4.9752032 3.3216789 3.0428631 2.1319834 3.0590771 3.5726784 2.7608136 2.2021073 2.2515866 3.5194236 0.9351942 1.8326002 1.8053520 1.9372441 1.0797815 1.6149444 2.2026351 1.4674428 1.1480357 4.3999597 3.8827675 3.9524776 3.8721064 3.7888775 4.1122853 4.9752032 4.1191057 4.2307345 4.3733740 2.4416348 2.7359835 3.9816486 3.3206123 3.4439869 2.9534783 3.3922135 3.0091433 3.4300393 4.0292832 4.1130547 3.6985554 2.2052186 2.6789220 2.8428066 2.6340531 2.9954755 3.2818153 3.1061243 2.4927272 2.4868677 2.7832533 2.6869449 2.8070736 2.6675273 3.3299799 3.2660480 3.5601834 3.1405540 3.4284549 4.2077521 4.0835457 4.1937247 2.0148978 2.3194161 3.9070145 2.6922654 2.3150921 4.2819207 3.2555979 
gomphillus                                1.7412858 1.7800282 1.6466159 1.5455985 1.5757233 0.4741851 1.7756325 0.6226177 0.7372397 0.9413850 0.8121461 0.8735625 0.0000000 0.9850045 1.3265190 0.8692318 1.7143175 0.8754632 1.1712882 0.4307726 0.3705856 0.3722849 0.4112022 0.3975422 0.4112022 0.4598125 0.3628283 0.4064905 0.4713951 0.5235977 0.5691734 0.3972685 0.3810209 0.4741495 0.6339054 0.5715233 0.6173574 0.5609177 0.6997897 0.3817301 0.5939640 0.5738316 0.6024710 0.3910366 0.5117897 0.4308090 0.5921077 4.3352568 3.0504003 2.7834600 1.9964824 2.6375205 2.7608515 2.7395860 2.2511316 1.7787668 3.0935017 0.6714705 1.4936529 1.8282694 1.6628090 0.8756963 1.4125613 2.1919658 1.2995311 1.0269174 3.8834504 3.4018869 3.7192324 3.6424693 3.5007866 4.2821954 4.3352568 4.2769293 3.9425238 4.5541356 1.9463624 2.2734961 3.7434137 3.0065785 3.0741906 2.9617137 3.1163206 2.8310408 2.9949196 3.4399758 3.4790623 3.6562167 1.7669506 2.8721452 2.4444342 2.5780014 2.6071573 3.2251882 2.7600248 2.1103506 2.1079920 2.5257229 2.5814796 2.9240336 2.6226207 3.0120293 3.0355411 3.0177932 3.3186420 3.3996644 4.4497436 4.1204098 4.1860983 2.0348527 2.4426437 3.0170868 2.1621422 1.8850324 3.5220245 2.7446083 
gyalolechia                               0.8984562 0.9082295 0.7858260 0.8838256 0.9132341 1.0845513 1.0459415 0.7580755 0.9446388 0.4105367 0.3429382 0.3504983 0.9850045 0.0000000 0.4336299 0.3697334 0.7668349 0.3648075 0.3406301 0.4203927 0.3869641 0.3645199 0.4444127 0.4051303 0.4444127 0.4443305 0.3793016 0.4016342 0.4310610 0.4550346 0.6113019 0.4131701 0.3986202 0.4872189 0.8099303 0.6839096 0.8196536 0.7615288 0.9784994 0.5665506 0.6645368 0.6652082 0.6959151 0.4788105 0.5818411 0.5983949 0.7204853 5.0373588 3.5504773 3.1107708 2.3064879 3.0097457 3.2935214 2.8961712 2.5555502 2.1853051 3.8276048 0.8429991 1.8600302 1.8706127 2.0316143 0.9571260 1.4520814 2.3216057 1.4384800 1.1330024 4.5289718 3.6140252 4.0652258 3.9822427 3.8927021 4.9213180 5.0373588 4.8161535 4.4108644 5.2101236 2.5170278 2.8210539 4.2452621 2.8587592 3.3830260 2.8559688 3.9790868 2.9446347 3.2707011 3.6942558 3.5928048 4.2198319 2.2862652 3.0942100 2.9302839 2.8770034 2.9662905 3.4177938 3.1749900 2.4980392 2.4361064 2.7528633 2.9169808 2.7505359 2.6737955 3.2906172 3.1088999 3.1194037 3.6498593 3.1132978 4.3225273 4.4038384 3.7220987 2.1894514 2.5044560 3.6930845 2.6279094 2.2846419 3.9964293 3.3379685 
heterodermia                              1.0778031 1.0031064 1.0357031 1.0221937 1.0618343 1.3279772 1.2438401 0.9141229 0.9508836 0.6788973 0.6416053 0.6363062 1.3265190 0.4336299 0.0000000 0.6925945 1.0472341 0.6515763 0.4683231 0.4169210 0.4021907 0.4247861 0.4284060 0.4445964 0.4284060 0.5064558 0.3941496 0.4863092 0.4989243 0.5445230 0.6582819 0.4775300 0.5287067 0.5523711 0.9706874 0.8615755 0.9113036 0.8475277 0.9631986 0.6506905 0.6609249 0.6399360 0.6479460 0.4437304 0.6415484 0.6100756 0.7176232 5.4485188 3.7539095 3.4176341 2.5269560 3.2650429 3.3794182 3.0294984 2.6704353 2.5042803 4.5989179 1.0800129 2.1160564 2.0800808 2.1793375 1.1217745 1.5975862 2.4884911 1.5377673 1.1407586 4.5000674 3.9037342 4.2269917 4.1417089 3.8885441 5.1712074 5.4485188 4.7023596 4.7681796 5.4412388 2.5789581 2.9886428 4.1225380 3.2753600 3.6341702 3.2141335 4.1286478 3.3453153 3.1535171 3.8910352 3.9657227 4.6704162 2.4514323 3.0158856 3.2268665 3.0783044 2.9239674 3.9111077 3.3368291 2.6848057 2.8530290 2.9562754 3.0221007 2.8060127 2.6464963 3.2826383 3.3493649 3.5465619 3.3683554 3.2899535 4.4396687 3.9026611 4.5920170 2.2673550 2.6162381 4.3234692 2.7730766 2.4503048 5.0547954 4.0451895 
imshaugia                                 0.9971098 1.1122571 0.9663669 0.9151471 0.9686701 1.0914135 1.1782529 0.8257759 1.0221887 0.0553723 0.0342275 0.0414479 0.8692318 0.3697334 0.6925945 0.0000000 0.8546440 0.0413257 0.3821545 0.5154944 0.3846277 0.4520695 0.4597869 0.4763148 0.4597869 0.5387041 0.4231545 0.4704048 0.5071498 0.6070895 0.7072711 0.5113646 0.5516453 0.5377177 0.7754295 0.7083895 0.7532312 0.7540524 0.9662133 0.5930091 0.7682226 0.6891976 0.7229423 0.5528988 0.6348743 0.7259940 0.8187292 5.1994335 3.4446775 3.1897247 2.2570592 3.1136192 3.5687802 2.9473173 2.3103909 2.3294238 3.3098539 0.9101947 1.7838442 1.8760509 2.0839326 1.1332590 1.6763933 2.2513865 1.4614709 1.1778136 4.7098793 4.2368482 4.2277393 4.1415978 4.0431134 4.3727449 5.1994335 4.4098833 4.3962294 4.5642350 2.6023882 2.7180047 4.1781831 3.5951315 3.7003433 2.9903480 3.5375990 3.0103180 3.6143061 4.0223796 4.0293697 3.8583547 2.3295953 2.7307001 2.9781119 2.7319471 3.0923341 3.5930396 3.3125899 2.6660680 2.6583852 2.9637765 2.7825443 2.9201481 2.7612431 3.4772187 3.4731287 3.7664357 3.2454689 3.4034089 4.1024354 4.2743895 4.1331245 2.0973852 2.4108122 4.0873407 2.7424393 2.3825703 4.5302179 3.4546713 
lasallia                                  0.6525234 0.9338538 0.6352720 0.6297214 0.6015955 1.5436854 0.7782884 1.1659476 1.2401590 0.8084866 0.8290386 0.8304121 1.7143175 0.7668349 1.0472341 0.8546440 0.0000000 0.8016450 0.8124255 0.7371184 0.6796973 0.6729058 0.7114362 0.7907610 0.7114362 0.7844147 0.6797936 0.7624435 0.8285135 0.7614511 0.7818249 0.7415112 0.6440904 0.8014110 1.1064880 0.9051008 1.0199437 0.9813904 1.0500807 0.6781483 0.9935166 0.8926412 0.8606847 0.7155762 0.6906806 0.6158748 0.9141382 4.8130873 3.2332311 3.7000114 2.8369962 2.7713863 3.2983594 2.5458859 2.8980904 2.8283982 3.4773095 1.1956245 1.8228438 2.2024640 1.9205710 1.5845917 1.8444106 2.4987126 1.9024768 1.5400197 3.7735854 3.8467024 3.2567267 3.1241452 3.3051637 5.2474860 4.8130873 4.3700110 4.1099863 4.8982764 2.8737931 2.7169677 3.8051167 2.9562522 3.4030966 3.1240456 3.8465630 2.4708535 2.7485045 3.1645521 3.4216453 4.8097069 2.7488216 3.4185491 2.8579293 2.7212049 3.1810992 3.4141342 3.7630108 3.0923900 3.3528411 3.6006684 2.8740332 2.7833172 2.8173179 2.8376343 3.2130410 3.5639209 2.9699579 3.1260206 4.5361116 3.8257060 3.6957227 2.2357827 2.2027893 3.4193877 2.5437043 2.9583538 3.7101310 3.3870539 
pseudevernia                              0.9985985 1.1056262 0.9359175 0.8850305 0.9593852 1.0546780 1.1516320 0.8260314 0.9548299 0.0343556 0.0205038 0.0205905 0.8754632 0.3648075 0.6515763 0.0413257 0.8016450 0.0000000 0.4052513 0.4159011 0.3379511 0.3575103 0.4104771 0.3796574 0.4104771 0.4429570 0.3304861 0.4183420 0.4084071 0.4994980 0.6215183 0.4115082 0.4717410 0.4896730 0.7433210 0.6789620 0.7220593 0.7229282 0.9277436 0.5454013 0.6980881 0.6924501 0.7265184 0.5296438 0.5574702 0.6092220 0.7538636 5.1139287 3.3216789 3.1222038 2.1841248 3.0287616 3.5192068 2.7593589 2.2537629 2.2496992 3.5221017 0.9351942 1.8326002 1.8053520 1.9372441 1.0797815 1.6149444 2.2026351 1.4665763 1.1480357 4.3454833 3.6759026 3.9372808 3.8571316 3.7911790 4.0503885 5.1139287 4.0587704 4.3421001 4.3097164 2.4415782 2.7359835 3.8218842 3.2789961 3.3507220 2.9483458 3.3618722 2.9835005 3.3961485 4.0012893 4.0910655 3.6985554 2.2048904 2.6789220 2.8428066 2.6340531 2.9502937 3.1319976 3.0654657 2.4927364 2.4868690 2.8540537 2.6869449 2.8070736 2.6675273 3.3299799 3.2180233 3.5274190 3.1544509 3.4226671 4.1728727 4.0508155 4.1618407 1.9933419 2.2947745 4.0075275 2.6647879 2.3132321 4.2852501 3.2574838 
ramalina_nuclear                          0.9469429 0.8835331 0.8925211 1.0000145 0.9029779 1.1442865 1.2186075 0.8748821 1.0584372 0.4510022 0.4035542 0.4046921 1.1712882 0.3406301 0.4683231 0.3821545 0.8124255 0.4052513 0.0000000 0.4750909 0.3470763 0.4148565 0.4187518 0.4346503 0.4187518 0.4984101 0.3842366 0.4230998 0.4858100 0.5339126 0.6595176 0.4674018 0.4657893 0.5040626 0.8249624 0.7286570 0.8357788 0.7760686 0.9752307 0.6089999 0.6658765 0.7307977 0.7396243 0.4834758 0.6066037 0.6695752 0.8146501 5.0903064 3.6350845 3.1887503 2.3373684 3.1842083 3.5744260 2.9793065 2.5589442 2.3415617 3.6444973 0.9276660 1.9171649 1.7489737 2.1969830 0.9758593 1.4206021 2.1364219 1.3771391 1.1447740 4.7237053 3.7271194 4.2804753 4.1946426 4.0617384 4.7836076 5.0903064 4.7868729 4.4732723 5.0436105 2.5554484 3.0741709 4.5934438 3.5067899 3.9951648 2.7883326 3.7951118 3.4588363 3.7076888 4.2438328 4.2970567 4.2910886 2.5346477 3.2184891 3.2089216 3.1681910 2.7983940 3.7354410 3.2403455 2.5918737 2.7510282 2.8106980 2.9387688 2.6896994 2.6945097 3.2074491 3.2712750 3.6224583 3.7180106 2.7464530 4.9378288 4.7119432 4.3166022 2.2017905 2.4771533 3.8088606 2.8702408 2.4365593 3.9894143 3.3912059 
Q37408_Emericella_nidulans                0.5704734 0.8375640 0.7113786 0.7207787 0.7140321 0.4311722 0.7578785 0.6435817 0.2914275 0.4433480 0.4376941 0.4426607 0.4307726 0.4203927 0.4169210 0.5154944 0.7371184 0.4159011 0.4750909 0.0000000 0.0886763 0.0424385 0.0881677 0.1465651 0.0881677 0.0424385 0.1045035 0.1177835 0.1275899 0.1340400 0.2479348 0.0879667 0.3420734 0.1959637 0.8173938 0.6503487 0.7016911 0.6433487 0.9022215 0.5002938 0.6589815 0.4465889 0.4723237 0.4850719 0.4226143 0.4719051 0.4599489 4.5393750 2.8222257 2.7851674 2.2305165 3.1162170 3.2309165 2.1014769 2.5966041 1.9494723 3.9765232 1.0476644 1.7712593 2.3160920 1.6064239 1.1716999 1.3822258 2.5626602 1.2337052 1.1679287 4.2898333 2.9538979 4.3812126 4.4931195 4.0568531 4.4984006 4.5393750 5.1020156 4.2976541 4.4937747 2.1191416 2.7024593 2.5402349 2.2892687 2.4723741 2.0561927 3.0505885 3.0478172 3.4633368 3.5470424 3.6988422 4.0809483 1.9498638 3.3524741 2.4421752 3.1344554 2.5446218 2.7134491 2.5780679 2.4256320 2.4261567 2.4979568 2.4281254 2.9746801 2.6045482 2.4359749 2.4138558 2.2073308 3.4465855 2.4766544 4.5437135 3.3051098 3.2652579 2.4656739 2.5014576 3.3571202 2.7685170 1.9568442 3.8651117 2.8905309 
YP_009687549.1_Ramalina_intermedia        0.5540317 0.6873041 0.6550205 0.6660808 0.6494724 0.4834111 0.6877066 0.7881337 0.2221719 0.3633200 0.3588794 0.3629520 0.3705856 0.3869641 0.4021907 0.3846277 0.6796973 0.3379511 0.3470763 0.0886763 0.0000000 0.0563792 0.0421507 0.0944342 0.0421507 0.0563792 0.0418554 0.1166741 0.1411609 0.1942464 0.2311582 0.0712526 0.2926338 0.1460884 0.6775844 0.5775682 0.5758364 0.5227137 0.7722587 0.4659839 0.6172891 0.4741776 0.4804742 0.4937886 0.3856035 0.4103385 0.5192522 4.5968795 3.0329794 2.9746304 2.2320221 3.1141715 3.2312740 2.0901859 2.5282641 1.8709499 3.7760291 0.9171865 1.7306567 2.1898572 1.6863358 1.1239747 1.3178640 2.4679465 1.2425214 1.1917043 4.4292587 2.9698980 4.3114699 4.4221224 4.1857786 4.4327812 4.5968795 4.8159602 4.2923410 4.9347034 2.1054516 2.8718038 2.6736000 2.4195750 2.4810723 2.0275119 2.9596193 3.2250288 3.3774630 3.5436318 3.8415011 3.9304478 1.9905232 3.4248598 2.5737689 3.1985509 2.4742089 2.8046735 2.7518429 2.3823625 2.3820872 2.3723505 2.6092164 2.9760110 2.5729374 2.4481361 2.5694099 2.2735008 3.3128340 2.4299764 4.6467448 3.3100728 3.3175581 2.4609342 2.4898498 3.5961349 2.7730804 1.8660515 3.8331956 2.9053707 
QDM58080.1_Bacidia_sorediata              0.5569964 0.7550543 0.6959029 0.7051550 0.6986328 0.4564404 0.7386408 0.7137053 0.2431093 0.3831838 0.3784867 0.3827481 0.3722849 0.3645199 0.4247861 0.4520695 0.6729058 0.3575103 0.4148565 0.0424385 0.0563792 0.0000000 0.0723566 0.0957661 0.0723566 0.0000010 0.0712035 0.0712981 0.1104741 0.1502954 0.2296030 0.0425478 0.2937888 0.1481254 0.7382922 0.6003410 0.6302002 0.5752262 0.8356980 0.4871468 0.5748440 0.4482103 0.4740153 0.4876763 0.4007138 0.4122187 0.4805686 4.5225159 2.9821615 2.8315674 2.1037400 3.1142729 3.2361630 2.0397367 2.5790789 1.8712227 3.8675476 0.9514075 1.7799949 2.1985525 1.6233534 1.1278309 1.3807643 2.4770263 1.2329729 1.1229324 4.1260796 2.8574531 4.2872411 4.3961889 3.9056743 4.6935263 4.5225159 4.9834959 4.2638453 4.9655940 2.1030322 2.7742070 2.5726715 2.3047355 2.3242797 2.0421887 3.0542984 3.1459562 3.3459382 3.5564992 3.9191518 3.9797827 1.9174570 3.3590651 2.4545410 3.0733498 2.5673982 2.6362251 2.6192608 2.3475206 2.3466161 2.3970228 2.5648519 2.9883766 2.6168303 2.4489111 2.4081274 2.2231635 3.4436759 2.4605287 4.6147092 3.2958764 3.4526010 2.4047301 2.4882589 3.4560655 2.7748062 1.8785623 3.5978799 2.7434842 
YP_009655113.1_Cladonia_macilenta         0.5855901 0.7882184 0.6262095 0.6371740 0.6208727 0.4388193 0.6521565 0.7407659 0.2500137 0.4376863 0.4321378 0.4370264 0.4112022 0.4444127 0.4284060 0.4597869 0.7114362 0.4104771 0.4187518 0.0881677 0.0421507 0.0723566 0.0000000 0.1127123 0.0000010 0.0723566 0.0865890 0.1347943 0.1273125 0.2288877 0.2678330 0.0878014 0.3536746 0.1649986 0.7706310 0.6583529 0.6600902 0.6029443 0.8724194 0.4928998 0.6569798 0.4968324 0.5033608 0.4936757 0.4296542 0.4335384 0.5053853 4.6580602 2.9252941 2.7971678 2.2471361 3.0612555 3.1653974 2.1234879 2.4899596 1.9617055 4.0547922 0.9565033 1.8624789 2.3836025 1.7250532 1.2100777 1.3619026 2.6859565 1.1970121 1.1723513 4.1513839 3.0997766 4.3144465 4.4246929 3.9277294 4.7942455 4.6580602 5.1885509 4.4851951 5.0695869 2.1461241 2.7621753 2.5244407 2.4855800 2.3392399 2.0872857 2.9563066 3.3773429 3.4343963 3.4948944 4.0234588 3.8370306 2.0872125 3.5446425 2.4772957 3.1673306 2.4434621 2.8252612 2.5866589 2.4400087 2.4408078 2.3674573 2.7003256 3.0858779 2.6604710 2.5375816 2.6632691 2.3622437 3.2578355 2.5553170 4.6571956 3.4053410 3.2608256 2.5495461 2.4556037 3.5688271 2.7198588 1.9565352 3.7922844 2.9799657 
QCX31965.1_Nadvornikia_sorediata          0.6578364 0.8194160 0.7508921 0.7606574 0.7533472 0.4718889 0.7706218 0.7944563 0.3142956 0.4061048 0.4010338 0.4055777 0.3975422 0.4051303 0.4445964 0.4763148 0.7907610 0.3796574 0.4346503 0.1465651 0.0944342 0.0957661 0.1127123 0.0000000 0.1127123 0.0957661 0.0466412 0.1110137 0.1905849 0.1878691 0.3065477 0.1124842 0.3085807 0.1258289 0.6087365 0.5655131 0.5395505 0.5395023 0.7550830 0.4378721 0.5574970 0.4605450 0.4666114 0.4751790 0.3592743 0.4083612 0.5006310 4.6857831 3.1469985 2.9539593 2.1340054 3.3493480 3.2865730 2.3017069 2.7841064 2.0167559 4.1340616 0.9881048 1.7185103 2.1243161 1.6508843 1.1008313 1.3153645 2.4035365 1.3177784 1.3008654 4.2940212 2.9697535 4.4592777 4.5709501 4.0627237 4.7215423 4.6857831 4.9719357 4.4274121 4.9909160 2.1267914 2.7696249 2.7008463 2.3812034 2.4616308 2.0404117 3.1781669 3.2510903 3.4744407 3.5799410 3.9681384 3.6669373 2.0667373 3.1232012 2.7195131 3.1989833 2.5486907 2.6483317 2.7352951 2.4531184 2.4541513 2.5024204 2.7223469 2.9963281 2.3827818 2.4825711 2.7869344 2.4878232 3.3343215 2.7745126 4.3948896 3.4505653 3.3540303 2.4406215 2.5389808 3.5689280 2.9769907 2.0241288 3.8572296 2.9317178 
QCX31169.1_Cladonia_ravenelii             0.5855901 0.7882184 0.6262095 0.6371740 0.6208727 0.4388193 0.6521565 0.7407659 0.2500137 0.4376863 0.4321378 0.4370264 0.4112022 0.4444127 0.4284060 0.4597869 0.7114362 0.4104771 0.4187518 0.0881677 0.0421507 0.0723566 0.0000010 0.1127123 0.0000000 0.0723566 0.0865890 0.1347943 0.1273125 0.2288877 0.2678330 0.0878014 0.3536746 0.1649986 0.7706310 0.6583529 0.6600902 0.6029443 0.8724194 0.4928998 0.6569798 0.4968324 0.5033608 0.4936757 0.4296542 0.4335384 0.5053853 4.6580602 2.9252941 2.7971678 2.2471361 3.0612555 3.1653974 2.1234879 2.4899596 1.9617055 4.0547922 0.9565033 1.8624789 2.3836025 1.7250532 1.2100777 1.3619026 2.6859565 1.1970121 1.1723513 4.1513839 3.0997766 4.3144465 4.4246929 3.9277294 4.7942455 4.6580602 5.1885509 4.4851951 5.0695869 2.1461241 2.7621753 2.5244407 2.4855800 2.3392399 2.0872857 2.9563066 3.3773429 3.4343963 3.4948944 4.0234588 3.8370306 2.0872125 3.5446425 2.4772957 3.1673306 2.4434621 2.8252612 2.5866589 2.4400087 2.4408078 2.3674573 2.7003256 3.0858779 2.6604710 2.5375816 2.6632691 2.3622437 3.2578355 2.5553170 4.6571956 3.4053410 3.2608256 2.5495461 2.4556037 3.5688271 2.7198588 1.9565352 3.7922844 2.9799657 
YP_009642657.1_Phlyctis_petraea           0.6717235 0.8561134 0.7943708 0.8039701 0.7964837 0.5508328 0.8572362 0.7137053 0.3436452 0.4695325 0.4638007 0.4687681 0.4598125 0.4443305 0.5064558 0.5387041 0.7844147 0.4429570 0.4984101 0.0424385 0.0563792 0.0000010 0.0723566 0.0957661 0.0723566 0.0000000 0.0712035 0.0712981 0.1104741 0.1502954 0.2296030 0.0425478 0.2937888 0.1481254 0.7382922 0.6003410 0.6302002 0.5752262 0.8356980 0.4871468 0.5748440 0.4482103 0.4740153 0.4876763 0.4007138 0.4122187 0.4805686 4.5206149 2.9821615 2.9264213 2.1669391 3.2724493 3.4738500 2.2891003 2.7573591 1.9008422 3.9659269 0.9514075 1.7799949 2.1985525 1.6233534 1.1278309 1.3807643 2.4770263 1.3941126 1.1229324 4.1260796 2.8574531 4.2872411 4.3961889 3.9056743 4.6935263 4.5206149 4.9834959 4.2638453 4.9655940 2.2028016 2.7742070 2.8841221 2.4542897 2.4535438 2.0058632 3.1495417 3.3438169 3.5012870 3.8939099 4.4741318 3.9797827 1.9458292 3.3590651 2.4545410 3.0733498 2.5708862 2.7246087 2.7097193 2.4033113 2.4034199 2.4795519 2.5648519 2.9883766 2.6168303 2.4489111 2.5214926 2.1877577 3.7266605 2.8952717 4.8219554 3.4876075 3.9231385 2.4968579 2.6907652 3.9029321 3.0241807 1.9078751 3.7167057 3.0244595 
QCL17429.1_Graphis_scripta                0.5587210 0.7392563 0.6830577 0.6922150 0.6858591 0.4748868 0.7228347 0.8253655 0.2334136 0.3554734 0.3511769 0.3551342 0.3628283 0.3793016 0.3941496 0.4231545 0.6797936 0.3304861 0.3842366 0.1045035 0.0418554 0.0712035 0.0865890 0.0466412 0.0865890 0.0712035 0.0000000 0.0853365 0.1578940 0.1772479 0.2513457 0.0863932 0.2722817 0.0991868 0.6376138 0.5411480 0.5649764 0.5124934 0.7274017 0.4124079 0.5736319 0.4799780 0.4862511 0.4994385 0.3767395 0.3574746 0.4880007 4.7240550 3.1155115 2.9768453 2.1825558 3.1159839 3.2326381 2.0943819 2.5264780 1.9467505 3.8570745 0.9492012 1.7761125 2.1490873 1.6772241 1.1097003 1.2854343 2.4219270 1.2822289 1.2308992 4.4244353 2.9721624 4.3073389 4.4173514 4.1824492 4.5566552 4.7240550 4.8085898 4.4017002 5.0644823 2.1177045 2.7369241 2.7150017 2.4154479 2.4766851 2.0615586 3.0367952 3.2262706 3.4519180 3.5435887 3.9374534 3.6871967 1.9950171 3.1675207 2.6430993 3.2878950 2.5695660 2.8039541 2.7547929 2.3862263 2.3860224 2.3761571 2.6841138 3.0626342 2.6452465 2.5231293 2.5727467 2.2894654 3.3192209 2.5222094 4.3678971 3.4077130 3.3994744 2.4015054 2.4859960 3.5958517 2.7761061 1.9541121 3.8261673 2.9041470 
QBP39468.1_Pertusaria_propinqua           0.5673563 0.8403385 0.7490253 0.7633426 0.7353532 0.5170650 0.8044307 0.7262567 0.3185973 0.4452527 0.4175512 0.4445713 0.4064905 0.4016342 0.4863092 0.4704048 0.7624435 0.4183420 0.4230998 0.1177835 0.1166741 0.0712981 0.1347943 0.1110137 0.1347943 0.0712981 0.0853365 0.0000000 0.1796714 0.1997103 0.2907005 0.1182532 0.3042893 0.1470208 0.7164129 0.5817627 0.6373163 0.5826821 0.8104542 0.5215854 0.5973634 0.5033837 0.5298128 0.5437241 0.4032501 0.4479598 0.5167466 4.6825863 2.9486833 2.9752571 2.1594465 3.3330732 3.4666328 2.2260524 2.7538831 1.9062080 3.9336993 0.9489954 1.8299198 2.3266021 1.8149521 1.1765586 1.4618254 2.6161165 1.2341205 1.1252026 4.3296068 3.0830818 4.4954927 4.6075080 4.0960436 4.5652381 4.6825863 5.2191652 4.1032526 4.8305299 2.2093905 2.4997308 2.5382679 2.4560302 2.4756115 1.9763607 2.9902740 3.3464820 3.5912294 3.7775308 3.9000257 3.9284018 2.0173355 3.3403768 2.4531985 3.0896102 2.5717887 2.8412640 2.7543508 2.4597060 2.4608753 2.5184621 2.5359731 3.0056272 2.5880403 2.4694697 2.6561881 2.4339563 3.3212981 2.5276689 4.2077274 3.3804126 3.4040875 2.5383966 2.5672632 3.5253924 2.9686324 1.8951473 3.7428404 2.8277541 
ANE20419.1_Peltigera_dolichorrhiza        0.6413996 0.8495243 0.6880680 0.6971735 0.6908151 0.4590579 0.7345311 0.8273352 0.3591550 0.4355468 0.4300341 0.4348967 0.4713951 0.4310610 0.4989243 0.5071498 0.8285135 0.4084071 0.4858100 0.1275899 0.1411609 0.1104741 0.1273125 0.1905849 0.1273125 0.1104741 0.1578940 0.1796714 0.0000000 0.2486080 0.2582499 0.0946662 0.2883872 0.1727040 0.6024936 0.5333212 0.5924851 0.5622023 0.8881107 0.4312941 0.6528474 0.4678152 0.5472562 0.5374327 0.4455537 0.5201178 0.4096080 4.5203235 3.2305667 2.7537611 2.1174769 3.0350535 3.2503450 2.0297532 2.4363692 1.9379049 3.8422241 0.9439688 1.7587443 2.2254348 1.5929416 1.0983181 1.2550188 2.5062565 1.2300670 1.1170967 4.2362393 2.8379459 4.3931551 4.5035596 4.0089635 4.6677323 4.5203235 4.9262958 4.3547244 4.9368834 2.2193323 2.8026564 2.7014454 2.5520246 2.5717744 2.0181362 3.0270928 3.2655296 3.3886244 3.8136363 4.1006170 3.9087908 2.1354448 3.1846069 2.5016805 3.1203605 2.5809835 2.5963232 2.5464075 2.2818679 2.2798039 2.3313972 2.6494847 3.0156237 2.6862188 2.5490112 2.3658192 1.9506665 3.4701152 2.4671987 4.6267794 3.1618753 3.3806460 2.4456556 2.5660318 3.5447950 2.7078634 1.9453294 3.6314856 2.7790947 
Q6V9D7_Talaromyces_marneffei              0.6886428 0.8476574 0.7948374 0.8048346 0.7970335 0.5613832 0.8258104 0.7351107 0.3755929 0.5297894 0.5226114 0.5286488 0.5235977 0.4550346 0.5445230 0.6070895 0.7614511 0.4994980 0.5339126 0.1340400 0.1942464 0.1502954 0.2288877 0.1878691 0.2288877 0.1502954 0.1772479 0.1997103 0.2486080 0.0000000 0.3097398 0.1685890 0.3171518 0.2402103 0.7916120 0.6409099 0.6571034 0.6198553 0.8907827 0.4987168 0.6982275 0.5595828 0.5654087 0.6157511 0.3812113 0.5083827 0.5294330 4.5898654 3.0430320 2.9452505 2.5147356 3.4929713 3.6610331 2.2598840 2.9661504 2.3670259 4.3854683 1.1403635 1.8672714 2.4511748 1.7148092 1.2028489 1.4563891 2.7167762 1.4358728 1.3027120 4.4907597 3.3416552 4.4808271 4.5944911 4.2194403 4.9069275 4.5898654 5.2266933 4.4817835 4.6639890 2.4848807 2.6554553 2.9048798 2.3262385 2.6034465 2.2324862 3.5573406 3.4203741 3.9228547 3.5795480 4.0740425 3.8316193 2.3066357 3.2264755 2.8889844 3.2133727 2.6035041 2.8949392 2.7278479 2.6114143 2.6015536 2.7642021 2.6284245 2.9706894 2.5641142 2.4958887 2.7513979 2.2963404 3.7423955 2.8622038 4.6976709 3.4499820 3.6678027 2.6177671 2.6103056 3.4006584 3.1216508 2.3747135 4.1362856 2.9150546 
Q1XA92_Paracoccidioides_brasiliensis      0.7256380 0.8646910 0.7731504 0.7719848 0.7820571 0.4928511 0.7995603 0.9642368 0.4115255 0.6522719 0.6464729 0.6541339 0.5691734 0.6113019 0.6582819 0.7072711 0.7818249 0.6215183 0.6595176 0.2479348 0.2311582 0.2296030 0.2678330 0.3065477 0.2678330 0.2296030 0.2513457 0.2907005 0.2582499 0.3097398 0.0000000 0.2120297 0.3782267 0.2237041 0.6611466 0.5090630 0.5637899 0.5312555 0.7366032 0.4584953 0.6487835 0.5196108 0.5472533 0.6165957 0.3292543 0.4080958 0.4756789 4.6582982 3.1253041 3.4464472 2.4966482 3.4905769 3.7459719 2.5046195 2.5001879 2.1036181 4.0588907 0.9656629 1.5848639 2.4155850 1.7341083 1.2118413 1.2522813 2.4511889 1.3047554 1.1887725 4.4661279 3.4824775 4.2999243 4.2999553 4.2151290 5.8953634 4.6582982 5.7365614 4.2322006 5.2182963 2.0800252 2.9338689 2.7976778 2.2083961 2.5121763 2.2264629 3.2529949 3.0811560 3.5823029 3.4684230 3.6783226 4.5689434 2.3723474 3.8521446 2.5381272 3.3388499 2.5043152 3.0524091 3.1269671 2.5924696 2.7310242 2.7909701 2.7487763 3.1494286 2.9796362 2.4728204 2.3480557 2.2266122 3.4681701 2.4209601 4.9996883 3.3735456 3.3218961 2.7334407 2.4053581 3.1668204 3.3032810 2.1337865 3.3746017 2.9314360 
Q01554_Trichophyton_rubrum                0.6184040 0.8298510 0.7303208 0.7400002 0.7329067 0.4845571 0.7465757 0.8274361 0.2638347 0.4389617 0.4333493 0.4382908 0.3972685 0.4131701 0.4775300 0.5113646 0.7415112 0.4115082 0.4674018 0.0879667 0.0712526 0.0425478 0.0878014 0.1124842 0.0878014 0.0425478 0.0863932 0.1182532 0.0946662 0.1685890 0.2120297 0.0000000 0.2757292 0.1325404 0.6828392 0.5517199 0.5802870 0.5277322 0.7731038 0.4662437 0.5482879 0.4751737 0.5016889 0.5157091 0.3805475 0.4102251 0.4660064 4.3039766 2.9511009 2.9919430 2.2692395 3.3441787 3.4613830 2.1445706 2.5722239 2.0160712 4.2938240 0.9545336 1.8810234 2.3074306 1.6568551 1.1547750 1.3275235 2.5960475 1.3017299 1.1862412 4.4466717 2.8608321 4.6189772 4.7354718 4.2005013 4.5853878 4.3039766 4.8322643 4.7459578 4.8493613 2.2485245 2.9760816 2.7173803 2.4377152 2.4574431 2.1841674 3.2192637 3.2391545 3.5164401 3.6619013 4.0362980 4.2167361 2.0172778 3.5679737 2.6139052 3.2781064 2.3738494 2.7759248 2.7669444 2.4761338 2.4776321 2.5264441 2.6502038 3.0530057 2.8439964 2.5773437 2.4730753 2.1365354 3.6678797 2.5335856 4.8867422 3.4853176 3.5456262 2.5295684 2.6669998 3.5707566 2.9741947 2.0234777 3.6759272 2.8223454 
A5J039_Gibberella_zeae                    0.6268548 0.7636720 0.6725796 0.6813743 0.6753514 0.4814981 0.7178032 0.8865843 0.3207408 0.5008900 0.4708705 0.4999171 0.3810209 0.3986202 0.5287067 0.5516453 0.6440904 0.4717410 0.4657893 0.3420734 0.2926338 0.2937888 0.3536746 0.3085807 0.3536746 0.2937888 0.2722817 0.3042893 0.2883872 0.3171518 0.3782267 0.2757292 0.0000000 0.2805062 0.6667992 0.5241968 0.5919910 0.5394312 0.7835600 0.3930296 0.6465780 0.6687131 0.6988577 0.5503837 0.5674404 0.4155079 0.5094639 4.2637530 3.3725847 3.0049193 2.4969104 3.0034422 3.5659445 2.0410599 2.6725605 2.0226725 3.6995438 0.7834798 1.7920023 1.8842395 1.8617080 0.9174747 1.1167918 2.2308856 1.2375373 1.0996866 4.1638248 2.7510848 4.0041061 3.9229982 3.9271022 4.6410393 4.2637530 4.8326146 4.3550675 5.1526561 2.1002738 2.9180501 2.7238258 2.2887689 2.4098621 2.0684600 3.2832733 2.9603330 3.3481832 3.3486863 3.7601936 4.3534890 2.0926366 3.3400588 2.6048208 3.1169420 2.7774757 2.8657608 2.8789507 2.5022987 2.5027338 2.5912791 2.7963183 3.1045844 2.7902970 2.8664158 2.2502147 1.8804695 3.5722822 2.3714809 4.9129516 3.3693809 3.3425969 2.4675106 2.6072183 3.2192032 2.7779263 2.0299221 4.0011345 2.6361282 
